R = 4;
L = 2.75E-6;
K = 0.0274;
J = 3.2284E-6;
b = 3.5077E-6;
kp=100;
ki=5000;
kd=0.5;
n=120000;